# wvl	a	b	c	rmse
376.62188000 0.02875491 17.61590160 -0.00000000 0.00000000
381.58817000 0.02491495 13.22515806 -0.00000000 0.00000000
386.55553000 0.02052349 8.97394311 -0.00000000 0.00000000
391.52298000 0.01895638 7.65581315 -0.00000000 0.00000000
396.49251000 0.01673034 5.96334737 0.00000000 0.00000000
401.46312000 0.01534176 5.01454154 -0.00000000 0.00000000
406.43480000 0.01425995 4.33228385 0.00000000 0.00000000
411.40757000 0.01335146 3.79785346 0.00000000 0.00000000
416.38042000 0.01241274 3.28258443 0.00000000 0.00000000
421.35535000 0.01161089 2.87218046 0.00000000 0.00000000
426.33035000 0.01132494 2.73245007 -0.00000000 0.00000000
431.30643000 0.01086072 2.51302971 -0.00000000 0.00000000
436.28459000 0.01040661 2.30727641 -0.00000000 0.00000000
441.26283000 0.01018107 2.20834646 -0.00000000 0.00000000
446.24115000 0.00976548 2.03173808 -0.00000000 0.00000000
451.22154000 0.00965463 1.98587622 0.00000000 0.00000000
456.20301000 0.00953149 1.93554153 0.00000000 0.00000000
461.18455000 0.00944276 1.89967267 0.00000000 0.00000000
466.16717000 0.00930056 1.84288817 0.00000000 0.00000000
471.15087000 0.00932615 1.85304398 -0.00000000 0.00000000
476.13564000 0.00926043 1.82701739 -0.00000000 0.00000000
481.12048000 0.00910062 1.76450573 -0.00000000 0.00000000
486.10640000 0.00900089 1.72604362 0.00000000 0.00000000
491.09239000 0.00889406 1.68531464 0.00000000 0.00000000
496.08046000 0.00875252 1.63210233 0.00000000 0.00000000
501.06859000 0.00865068 1.59434086 0.00000000 0.00000000
506.05680000 0.00849195 1.53637016 -0.00000000 0.00000000
511.04709000 0.00838219 1.49690929 -0.00000000 0.00000000
516.03744000 0.00825730 1.45263716 0.00000000 0.00000000
521.02787000 0.00817137 1.42256009 -0.00000000 0.00000000
526.01936000 0.00811451 1.40283256 0.00000000 0.00000000
531.01193000 0.00802146 1.37084394 -0.00000000 0.00000000
536.00457000 0.00788587 1.32489111 0.00000000 0.00000000
540.99827000 0.00774811 1.27900597 0.00000000 0.00000000
545.99205000 0.00763524 1.24201438 0.00000000 0.00000000
550.98690000 0.00754018 1.21127809 0.00000000 0.00000000
555.98281000 0.00746441 1.18705788 -0.00000000 0.00000000
560.97879000 0.00740344 1.16774451 0.00000000 0.00000000
565.97484000 0.00731556 1.14018531 0.00000000 0.00000000
570.97196000 0.00721729 1.10975978 -0.00000000 0.00000000
575.96915000 0.00714616 1.08799471 -0.00000000 0.00000000
580.96740000 0.00707047 1.06506651 -0.00000000 0.00000000
585.96572000 0.00697212 1.03564355 0.00000000 0.00000000
590.96510000 0.00690044 1.01445781 0.00000000 0.00000000
595.96456000 0.00682941 0.99368262 0.00000000 0.00000000
600.96407000 0.00673085 0.96520741 -0.00000000 0.00000000
605.96465000 0.00667083 0.94807018 0.00000000 0.00000000
610.96530000 0.00661721 0.93288997 0.00000000 0.00000000
615.96701000 0.00655633 0.91580359 0.00000000 0.00000000
620.96878000 0.00647171 0.89231735 -0.00000000 0.00000000
625.97162000 0.00639306 0.87075957 -0.00000000 0.00000000
630.97352000 0.00641090 0.87562482 -0.00000000 0.00000000
635.97648000 0.00647055 0.89199788 -0.00000000 0.00000000
640.98050000 0.00653054 0.90861373 0.00000000 0.00000000
645.98359000 0.00659923 0.92782620 0.00000000 0.00000000
650.98874000 0.00665591 0.94383533 0.00000000 0.00000000
655.99295000 0.00673286 0.96578376 -0.00000000 0.00000000
660.99822000 0.00703160 1.05338916 0.00000000 0.00000000
666.00255000 0.00733621 1.14663203 -0.00000000 0.00000000
671.00894000 0.00703517 1.05445909 -0.00000000 0.00000000
676.01439000 0.00661637 0.93265446 0.00000000 0.00000000
681.02090000 0.00657207 0.92020592 0.00000000 0.00000000
686.02746000 0.00660268 0.92879678 -0.00000000 0.00000000
691.03409000 0.00656164 0.91728643 0.00000000 0.00000000
696.04078000 0.00643015 0.88089227 -0.00000000 0.00000000
701.04852000 0.00629714 0.84482520 -0.00000000 0.00000000
706.05632000 0.00622768 0.82629146 0.00000000 0.00000000
711.06417000 0.00619680 0.81811807 -0.00000000 0.00000000
716.07309000 0.00617580 0.81258086 -0.00000000 0.00000000
721.08106000 0.00616071 0.80861658 0.00000000 0.00000000
726.09008000 0.00615451 0.80698936 -0.00000000 0.00000000
731.09916000 0.00614297 0.80396572 0.00000000 0.00000000
736.10830000 0.00613340 0.80146367 -0.00000000 0.00000000
741.11749000 0.00610497 0.79405124 -0.00000000 0.00000000
746.12674000 0.00607289 0.78572606 -0.00000000 0.00000000
751.13703000 0.00603737 0.77656144 -0.00000000 0.00000000
756.14739000 0.00600713 0.76880315 0.00000000 0.00000000
761.15679000 0.00598003 0.76188121 0.00000000 0.00000000
766.16725000 0.00595222 0.75481068 -0.00000000 0.00000000
771.17876000 0.00592223 0.74722475 -0.00000000 0.00000000
776.18932000 0.00590277 0.74232259 0.00000000 0.00000000
781.19994000 0.00586208 0.73212266 -0.00000000 0.00000000
786.21160000 0.00582480 0.72283990 -0.00000000 0.00000000
791.22232000 0.00576366 0.70774504 0.00000000 0.00000000
796.23409000 0.00571757 0.69647179 -0.00000000 0.00000000
801.24591000 0.00568177 0.68777754 -0.00000000 0.00000000
806.25777000 0.00563201 0.67578333 -0.00000000 0.00000000
811.26969000 0.00558545 0.66465582 -0.00000000 0.00000000
816.28166000 0.00555242 0.65681817 0.00000000 0.00000000
821.29367000 0.00550968 0.64674506 0.00000000 0.00000000
826.30573000 0.00545303 0.63351424 0.00000000 0.00000000
831.31784000 0.00540145 0.62158724 0.00000000 0.00000000
836.33000000 0.00536233 0.61261604 0.00000000 0.00000000
841.34321000 0.00531755 0.60242568 0.00000000 0.00000000
846.35546000 0.00525718 0.58882590 0.00000000 0.00000000
851.36876000 0.00521774 0.58002314 0.00000000 0.00000000
856.38110000 0.00517077 0.56962852 0.00000000 0.00000000
861.39449000 0.00513046 0.56078141 -0.00000000 0.00000000
866.40693000 0.00507271 0.54822746 -0.00000000 0.00000000
871.42041000 0.00501143 0.53506110 0.00000000 0.00000000
876.43393000 0.00497086 0.52643458 0.00000000 0.00000000
881.44650000 0.00494630 0.52124541 0.00000000 0.00000000
886.46011000 0.00490231 0.51201501 -0.00000000 0.00000000
891.47377000 0.00485498 0.50217650 0.00000000 0.00000000
896.48646000 0.00481451 0.49383828 -0.00000000 0.00000000
901.50021000 0.00479328 0.48949219 0.00000000 0.00000000
906.51399000 0.00476124 0.48297135 -0.00000000 0.00000000
911.52781000 0.00472364 0.47537230 0.00000000 0.00000000
916.54068000 0.00469233 0.46909265 0.00000000 0.00000000
921.55459000 0.00466895 0.46442916 -0.00000000 0.00000000
926.56854000 0.00465926 0.46250286 0.00000000 0.00000000
931.58153000 0.00464064 0.45881360 -0.00000000 0.00000000
936.59555000 0.00461551 0.45385824 0.00000000 0.00000000
941.60962000 0.00459075 0.44900222 0.00000000 0.00000000
946.62273000 0.00458046 0.44699113 -0.00000000 0.00000000
951.63688000 0.00458112 0.44711969 0.00000000 0.00000000
956.65106000 0.00457740 0.44639386 0.00000000 0.00000000
961.66428000 0.00456351 0.44368944 0.00000000 0.00000000
966.67854000 0.00455019 0.44110311 0.00000000 0.00000000
971.69184000 0.00454477 0.44005275 0.00000000 0.00000000
976.70618000 0.00453950 0.43903353 -0.00000000 0.00000000
981.71955000 0.00454137 0.43939360 0.00000000 0.00000000
986.73395000 0.00453358 0.43788836 -0.00000000 0.00000000
991.74740000 0.00451949 0.43517110 0.00000000 0.00000000
996.76087000 0.00451052 0.43344416 0.00000000 0.00000000
1001.77539000 0.00451089 0.43351602 0.00000000 0.00000000
1006.78894000 0.00452165 0.43558762 -0.00000000 0.00000000
1011.80252000 0.00453457 0.43807938 0.00000000 0.00000000
1016.81613000 0.00452020 0.43530707 -0.00000000 0.00000000
1021.82978000 0.00450361 0.43211713 -0.00000000 0.00000000
1026.84347000 0.00450447 0.43228314 0.00000000 0.00000000
1031.85718000 0.00450047 0.43151576 0.00000000 0.00000000
1036.87093000 0.00450222 0.43185177 -0.00000000 0.00000000
1041.88371000 0.00452036 0.43533796 -0.00000000 0.00000000
1046.89752000 0.00453360 0.43789165 -0.00000000 0.00000000
1051.91136000 0.00453056 0.43730429 -0.00000000 0.00000000
1056.92524000 0.00452039 0.43534482 0.00000000 0.00000000
1061.93814000 0.00451447 0.43420469 -0.00000000 0.00000000
1066.95208000 0.00452397 0.43603289 -0.00000000 0.00000000
1071.96504000 0.00453137 0.43746079 0.00000000 0.00000000
1076.97803000 0.00454208 0.43953256 0.00000000 0.00000000
1081.99105000 0.00455144 0.44134445 -0.00000000 0.00000000
1087.00410000 0.00454852 0.44077942 0.00000000 0.00000000
1092.01718000 0.00453207 0.43759620 0.00000000 0.00000000
1097.03029000 0.00453002 0.43720021 0.00000000 0.00000000
1102.04342000 0.00453295 0.43776618 -0.00000000 0.00000000
1107.05659000 0.00454308 0.43972542 -0.00000000 0.00000000
1112.06977000 0.00455609 0.44224833 -0.00000000 0.00000000
1117.08199000 0.00455898 0.44280959 0.00000000 0.00000000
1122.09523000 0.00455441 0.44192164 -0.00000000 0.00000000
1127.10749000 0.00454240 0.43959364 -0.00000000 0.00000000
1132.12078000 0.00452722 0.43666076 0.00000000 0.00000000
1137.13310000 0.00451407 0.43412782 -0.00000000 0.00000000
1142.14544000 0.00451055 0.43345093 -0.00000000 0.00000000
1147.15780000 0.00451320 0.43395934 -0.00000000 0.00000000
1152.17019000 0.00450896 0.43314440 0.00000000 0.00000000
1157.18260000 0.00449823 0.43108665 0.00000000 0.00000000
1162.19503000 0.00447289 0.42624275 0.00000000 0.00000000
1167.20649000 0.00445004 0.42189815 0.00000000 0.00000000
1172.21897000 0.00442993 0.41809391 -0.00000000 0.00000000
1177.23047000 0.00441351 0.41500121 0.00000000 0.00000000
1182.24299000 0.00439878 0.41223545 -0.00000000 0.00000000
1187.25453000 0.00438539 0.40972884 -0.00000000 0.00000000
1192.26610000 0.00437171 0.40717753 -0.00000000 0.00000000
1197.27768000 0.00435594 0.40424538 0.00000000 0.00000000
1202.28928000 0.00433522 0.40040751 0.00000000 0.00000000
1207.30091000 0.00430481 0.39480969 -0.00000000 0.00000000
1212.31255000 0.00427121 0.38867207 -0.00000000 0.00000000
1217.32421000 0.00424077 0.38315181 0.00000000 0.00000000
1222.33489000 0.00420782 0.37722076 0.00000000 0.00000000
1227.34559000 0.00417671 0.37166343 -0.00000000 0.00000000
1232.35730000 0.00415220 0.36731383 0.00000000 0.00000000
1237.36803000 0.00412096 0.36180792 0.00000000 0.00000000
1242.37878000 0.00407793 0.35429086 0.00000000 0.00000000
1247.38955000 0.00403169 0.34630124 -0.00000000 0.00000000
1252.40033000 0.00397687 0.33694799 0.00000000 0.00000000
1257.41112000 0.00392992 0.32903885 0.00000000 0.00000000
1262.42094000 0.00393603 0.33006355 0.00000000 0.00000000
1267.43176000 0.00399132 0.33940218 0.00000000 0.00000000
1272.44160000 0.00404389 0.34840137 0.00000000 0.00000000
1277.45146000 0.00408048 0.35473486 0.00000000 0.00000000
1282.46233000 0.00412558 0.36261867 0.00000000 0.00000000
1287.47221000 0.00444553 0.42104362 -0.00000000 0.00000000
1292.48211000 0.00533019 0.60529456 0.00000000 0.00000000
1297.49102000 0.00564504 0.67891409 0.00000000 0.00000000
1302.50094000 0.00437566 0.40791326 -0.00000000 0.00000000
1307.51087000 0.00363414 0.28137407 0.00000000 0.00000000
1312.51982000 0.00370697 0.29276436 0.00000000 0.00000000
1317.52977000 0.00381853 0.31065171 -0.00000000 0.00000000
1322.53874000 0.00380690 0.30876133 0.00000000 0.00000000
1327.54772000 0.00372293 0.29529183 -0.00000000 0.00000000
1332.55670000 0.00362672 0.28022594 0.00000000 0.00000000
1337.56570000 0.00355719 0.26958483 0.00000000 0.00000000
1342.57371000 0.00351728 0.26356962 -0.00000000 0.00000000
1347.58272000 0.00350776 0.26214486 -0.00000000 0.00000000
1352.59174000 0.00351638 0.26343382 0.00000000 0.00000000
1357.59977000 0.00353486 0.26621039 -0.00000000 0.00000000
1362.60781000 0.00354839 0.26825177 -0.00000000 0.00000000
1367.61586000 0.00350382 0.26155648 -0.00000000 0.00000000
1372.62391000 0.00343204 0.25094883 -0.00000000 0.00000000
1377.63197000 0.00340166 0.24652630 0.00000000 0.00000000
1382.64004000 0.00340679 0.24727050 0.00000000 0.00000000
1387.64711000 0.00334628 0.23856464 -0.00000000 0.00000000
1392.65519000 0.00330260 0.23237693 0.00000000 0.00000000
1397.66227000 0.00327651 0.22871921 -0.00000000 0.00000000
1402.67036000 0.00323949 0.22358077 -0.00000000 0.00000000
1407.67745000 0.00320165 0.21838813 -0.00000000 0.00000000
1412.68455000 0.00315545 0.21213047 0.00000000 0.00000000
1417.69065000 0.00310808 0.20580919 -0.00000000 0.00000000
1422.69775000 0.00306563 0.20022622 -0.00000000 0.00000000
1427.70486000 0.00303545 0.19630299 -0.00000000 0.00000000
1432.71096000 0.00300752 0.19270742 -0.00000000 0.00000000
1437.71707000 0.00297540 0.18861337 -0.00000000 0.00000000
1442.72419000 0.00294248 0.18446187 -0.00000000 0.00000000
1447.73030000 0.00291006 0.18042008 -0.00000000 0.00000000
1452.73641000 0.00288265 0.17703782 -0.00000000 0.00000000
1457.74153000 0.00286098 0.17438551 0.00000000 0.00000000
1462.74764000 0.00284453 0.17238539 0.00000000 0.00000000
1467.75376000 0.00282722 0.17029479 0.00000000 0.00000000
1472.75887000 0.00280534 0.16766808 -0.00000000 0.00000000
1477.76398000 0.00277617 0.16420035 -0.00000000 0.00000000
1482.76909000 0.00275252 0.16141364 0.00000000 0.00000000
1487.77420000 0.00272882 0.15864680 0.00000000 0.00000000
1492.77931000 0.00270623 0.15603059 0.00000000 0.00000000
1497.78442000 0.00268365 0.15343815 0.00000000 0.00000000
1502.78852000 0.00266106 0.15086535 0.00000000 0.00000000
1507.79362000 0.00264081 0.14857871 0.00000000 0.00000000
1512.79771000 0.00262076 0.14633035 0.00000000 0.00000000
1517.80181000 0.00259765 0.14376184 -0.00000000 0.00000000
1522.80589000 0.00257299 0.14104471 0.00000000 0.00000000
1527.80997000 0.00255105 0.13864990 -0.00000000 0.00000000
1532.81305000 0.00253056 0.13643179 -0.00000000 0.00000000
1537.81712000 0.00251320 0.13456636 0.00000000 0.00000000
1542.82019000 0.00249876 0.13302355 0.00000000 0.00000000
1547.82425000 0.00248639 0.13170992 -0.00000000 0.00000000
1552.82730000 0.00247448 0.13045160 -0.00000000 0.00000000
1557.83035000 0.00245889 0.12881305 -0.00000000 0.00000000
1562.83239000 0.00243885 0.12672138 0.00000000 0.00000000
1567.83542000 0.00241612 0.12437028 -0.00000000 0.00000000
1572.83844000 0.00239435 0.12213927 -0.00000000 0.00000000
1577.84046000 0.00237452 0.12012423 0.00000000 0.00000000
1582.84246000 0.00235848 0.11850699 -0.00000000 0.00000000
1587.84446000 0.00234526 0.11718269 0.00000000 0.00000000
1592.84644000 0.00233401 0.11632498 -0.00000000 0.00000000
1597.84842000 0.00232010 0.11494290 -0.00000000 0.00000000
1602.85039000 0.00230520 0.11347125 0.00000000 0.00000000
1607.85134000 0.00229263 0.11223662 -0.00000000 0.00000000
1612.85228000 0.00228338 0.11133250 0.00000000 0.00000000
1617.85322000 0.00227228 0.11025291 0.00000000 0.00000000
1622.85414000 0.00225897 0.10896484 0.00000000 0.00000000
1627.85504000 0.00224121 0.10725837 -0.00000000 0.00000000
1632.85594000 0.00222435 0.10565103 -0.00000000 0.00000000
1637.85582000 0.00220658 0.10396921 -0.00000000 0.00000000
1642.85669000 0.00219649 0.10302084 0.00000000 0.00000000
1647.85655000 0.00218548 0.10199052 -0.00000000 0.00000000
1652.85639000 0.00217588 0.10109652 0.00000000 0.00000000
1657.85621000 0.00216608 0.10018777 0.00000000 0.00000000
1662.85502000 0.00215694 0.09934409 0.00000000 0.00000000
1667.85482000 0.00214571 0.09831249 -0.00000000 0.00000000
1672.85360000 0.00213435 0.09727475 0.00000000 0.00000000
1677.85236000 0.00212407 0.09633972 0.00000000 0.00000000
1682.85111000 0.00211521 0.09553772 0.00000000 0.00000000
1687.84984000 0.00210473 0.09459324 0.00000000 0.00000000
1692.84856000 0.00209482 0.09370495 -0.00000000 0.00000000
1697.84625000 0.00208426 0.09276204 0.00000000 0.00000000
1702.84493000 0.00207490 0.09193133 -0.00000000 0.00000000
1707.84259000 0.00206337 0.09091177 0.00000000 0.00000000
1712.84023000 0.00205262 0.08996726 0.00000000 0.00000000
1717.83685000 0.00204179 0.08902006 0.00000000 0.00000000
1722.83445000 0.00202994 0.08798966 0.00000000 0.00000000
1727.83104000 0.00201853 0.08700332 0.00000000 0.00000000
1732.82860000 0.00200696 0.08600941 -0.00000000 0.00000000
1737.82514000 0.00199657 0.08512127 -0.00000000 0.00000000
1742.82166000 0.00198689 0.08429719 -0.00000000 0.00000000
1747.81716000 0.00197637 0.08340679 0.00000000 0.00000000
1752.81364000 0.00196529 0.08247494 -0.00000000 0.00000000
1757.80909000 0.00195277 0.08142715 0.00000000 0.00000000
1762.80452000 0.00194361 0.08066499 0.00000000 0.00000000
1767.79993000 0.00193413 0.07987980 0.00000000 0.00000000
1772.79532000 0.00192672 0.07926891 -0.00000000 0.00000000
1777.79068000 0.00192295 0.07895964 -0.00000000 0.00000000
1782.78502000 0.00191749 0.07851153 -0.00000000 0.00000000
1787.77933000 0.00191188 0.07805262 0.00000000 0.00000000
1792.77362000 0.00190685 0.07764223 0.00000000 0.00000000
1797.76789000 0.00190283 0.07731599 0.00000000 0.00000000
1802.76212000 0.00190297 0.07732734 0.00000000 0.00000000
1807.75534000 0.00189968 0.07705988 -0.00000000 0.00000000
1812.74852000 0.00190280 0.07731306 -0.00000000 0.00000000
1817.74168000 0.00190884 0.07780472 0.00000000 0.00000000
1822.73481000 0.00191240 0.07809565 -0.00000000 0.00000000
1827.72792000 0.00191247 0.07810096 -0.00000000 0.00000000
1832.72000000 0.00191599 0.07838867 0.00000000 0.00000000
1837.71305000 0.00193790 0.08019184 0.00000000 0.00000000
1842.70507000 0.00191899 0.07863428 -0.00000000 0.00000000
1847.69606000 0.00191222 0.07808075 0.00000000 0.00000000
1852.68802000 0.00189337 0.07654882 -0.00000000 0.00000000
1857.67895000 0.00188900 0.07619562 0.00000000 0.00000000
1862.67085000 0.00187100 0.07475089 0.00000000 0.00000000
1867.66172000 0.00189855 0.07696826 0.00000000 0.00000000
1872.65156000 0.00192992 0.07953302 0.00000000 0.00000000
1877.64237000 0.00186882 0.07457666 -0.00000000 0.00000000
1882.63215000 0.00182124 0.07082771 -0.00000000 0.00000000
1887.62190000 0.00180895 0.06987458 0.00000000 0.00000000
1892.61161000 0.00180811 0.06980970 0.00000000 0.00000000
1897.60129000 0.00181893 0.07064826 0.00000000 0.00000000
1902.59094000 0.00184319 0.07254518 0.00000000 0.00000000
1907.57955000 0.00183483 0.07188875 -0.00000000 0.00000000
1912.56813000 0.00181771 0.07055304 -0.00000000 0.00000000
1917.55568000 0.00180440 0.06952398 -0.00000000 0.00000000
1922.54419000 0.00179229 0.06859371 0.00000000 0.00000000
1927.53167000 0.00176749 0.06670834 0.00000000 0.00000000
1932.52011000 0.00174937 0.06534803 -0.00000000 0.00000000
1937.50751000 0.00174248 0.06483434 -0.00000000 0.00000000
1942.49388000 0.00173192 0.06405065 0.00000000 0.00000000
1947.48121000 0.00172167 0.06329465 0.00000000 0.00000000
1952.46751000 0.00171532 0.06282884 0.00000000 0.00000000
1957.45377000 0.00171131 0.06253562 -0.00000000 0.00000000
1962.43999000 0.00170797 0.06229149 -0.00000000 0.00000000
1967.42517000 0.00170332 0.06195311 -0.00000000 0.00000000
1972.41031000 0.00169905 0.06164266 0.00000000 0.00000000
1977.39542000 0.00169336 0.06123032 0.00000000 0.00000000
1982.38048000 0.00168707 0.06077659 -0.00000000 0.00000000
1987.36551000 0.00168228 0.06043163 -0.00000000 0.00000000
1992.34949000 0.00167627 0.06000061 0.00000000 0.00000000
1997.33344000 0.00167390 0.05983113 0.00000000 0.00000000
2002.31735000 0.00167502 0.05991142 0.00000000 0.00000000
2007.30121000 0.00167612 0.05999001 0.00000000 0.00000000
2012.28403000 0.00167806 0.06012943 0.00000000 0.00000000
2017.26681000 0.00167641 0.06001070 -0.00000000 0.00000000
2022.24955000 0.00167526 0.05992849 0.00000000 0.00000000
2027.23225000 0.00167301 0.05976787 0.00000000 0.00000000
2032.21390000 0.00167092 0.05961850 -0.00000000 0.00000000
2037.19551000 0.00166744 0.05937080 -0.00000000 0.00000000
2042.17708000 0.00166455 0.05916514 -0.00000000 0.00000000
2047.15860000 0.00166004 0.05884510 -0.00000000 0.00000000
2052.13907000 0.00165807 0.05870536 -0.00000000 0.00000000
2057.11951000 0.00165646 0.05859163 -0.00000000 0.00000000
2062.09989000 0.00165807 0.05870536 0.00000000 0.00000000
2067.08023000 0.00165733 0.05865282 0.00000000 0.00000000
2072.05953000 0.00165663 0.05860329 0.00000000 0.00000000
2077.03878000 0.00165697 0.05862759 -0.00000000 0.00000000
2082.01798000 0.00165641 0.05858767 0.00000000 0.00000000
2086.99714000 0.00165542 0.05851794 0.00000000 0.00000000
2091.97524000 0.00165362 0.05839091 0.00000000 0.00000000
2096.95330000 0.00165283 0.05833516 -0.00000000 0.00000000
2101.93131000 0.00165121 0.05822084 0.00000000 0.00000000
2106.90828000 0.00165077 0.05818984 0.00000000 0.00000000
2111.88619000 0.00165244 0.05830754 0.00000000 0.00000000
2116.86305000 0.00165107 0.05821073 -0.00000000 0.00000000
2121.83987000 0.00165017 0.05814777 0.00000000 0.00000000
2126.81563000 0.00164883 0.05805308 -0.00000000 0.00000000
2131.79235000 0.00164723 0.05794074 0.00000000 0.00000000
2136.76701000 0.00164392 0.05770796 -0.00000000 0.00000000
2141.74262000 0.00163842 0.05732294 -0.00000000 0.00000000
2146.71818000 0.00163123 0.05682087 -0.00000000 0.00000000
2151.69269000 0.00162768 0.05657390 0.00000000 0.00000000
2156.66714000 0.00162320 0.05626282 -0.00000000 0.00000000
2161.64155000 0.00161960 0.05601330 0.00000000 0.00000000
2166.61489000 0.00161402 0.05562794 0.00000000 0.00000000
2171.58819000 0.00160852 0.05524985 0.00000000 0.00000000
2176.56143000 0.00160435 0.05496351 -0.00000000 0.00000000
2181.53462000 0.00160263 0.05484590 0.00000000 0.00000000
2186.50675000 0.00159820 0.05454295 0.00000000 0.00000000
2191.47883000 0.00159637 0.05441816 0.00000000 0.00000000
2196.45085000 0.00159671 0.05444149 0.00000000 0.00000000
2201.42282000 0.00159632 0.05441461 0.00000000 0.00000000
2206.39373000 0.00159523 0.05434040 0.00000000 0.00000000
2211.36458000 0.00159295 0.05418521 -0.00000000 0.00000000
2216.33538000 0.00159158 0.05409245 0.00000000 0.00000000
2221.30511000 0.00159014 0.05570750 -0.00000000 0.00000000
2226.27580000 0.00158904 0.05563038 0.00000000 0.00000000
2231.24542000 0.00158822 0.05557344 -0.00000000 0.00000000
2236.21498000 0.00158712 0.05549650 -0.00000000 0.00000000
2241.18349000 0.00158650 0.05545340 0.00000000 0.00000000
2246.15193000 0.00158935 0.05565242 -0.00000000 0.00000000
2251.12032000 0.00158886 0.05561839 0.00000000 0.00000000
2256.08865000 0.00158896 0.05562541 0.00000000 0.00000000
2261.05691000 0.00158812 0.05556690 0.00000000 0.00000000
2266.02412000 0.00158496 0.05534620 0.00000000 0.00000000
2270.99126000 0.00158216 0.05515072 -0.00000000 0.00000000
2275.95735000 0.00157877 0.05491509 0.00000000 0.00000000
2280.92437000 0.00157773 0.05484302 0.00000000 0.00000000
2285.89032000 0.00157758 0.05483232 0.00000000 0.00000000
2290.85622000 0.00157741 0.05482063 -0.00000000 0.00000000
2295.82205000 0.00157703 0.05479456 0.00000000 0.00000000
2300.78682000 0.00157832 0.05488462 0.00000000 0.00000000
2305.75153000 0.00157656 0.05476201 -0.00000000 0.00000000
2310.71617000 0.00157493 0.05464904 0.00000000 0.00000000
2315.68075000 0.00157356 0.05455395 0.00000000 0.00000000
2320.64526000 0.00157055 0.05434596 -0.00000000 0.00000000
2325.60870000 0.00156848 0.05420317 -0.00000000 0.00000000
2330.57208000 0.00156815 0.05418021 0.00000000 0.00000000
2335.53440000 0.00156770 0.05414899 0.00000000 0.00000000
2340.49765000 0.00156740 0.05412857 -0.00000000 0.00000000
2345.45983000 0.00156897 0.05423737 0.00000000 0.00000000
2350.42294000 0.00156891 0.05423300 -0.00000000 0.00000000
2355.38399000 0.00156852 0.05420648 0.00000000 0.00000000
2360.34597000 0.00156682 0.05408945 -0.00000000 0.00000000
2365.30688000 0.00156680 0.05408821 0.00000000 0.00000000
2370.26872000 0.00156248 0.05379030 0.00000000 0.00000000
2375.22849000 0.00156052 0.05365586 0.00000000 0.00000000
2380.18919000 0.00156148 0.05372187 0.00000000 0.00000000
2385.14983000 0.00156166 0.05373441 0.00000000 0.00000000
2390.10939000 0.00156163 0.05373287 0.00000000 0.00000000
2395.06888000 0.00156292 0.05382142 0.00000000 0.00000000
2400.02830000 0.00156447 0.05392892 -0.00000000 0.00000000
2404.98765000 0.00156586 0.05402448 0.00000000 0.00000000
2409.94593000 0.00156627 0.05405355 0.00000000 0.00000000
2414.90414000 0.00156582 0.05402255 -0.00000000 0.00000000
2419.86227000 0.00156562 0.05400882 0.00000000 0.00000000
2424.82033000 0.00156437 0.05392320 0.00000000 0.00000000
2429.77832000 0.00156369 0.05387633 -0.00000000 0.00000000
2434.73623000 0.00156693 0.05409969 -0.00000000 0.00000000
2439.69307000 0.00156896 0.05424067 -0.00000000 0.00000000
2444.64983000 0.00157389 0.05458223 0.00000000 0.00000000
2449.60652000 0.00157972 0.05498770 -0.00000000 0.00000000
2454.56314000 0.00158121 0.05509198 0.00000000 0.00000000
2459.51968000 0.00158096 0.05507493 -0.00000000 0.00000000
2464.47514000 0.00158350 0.05525279 -0.00000000 0.00000000
2469.43153000 0.00158911 0.05564566 -0.00000000 0.00000000
2474.38684000 0.00159348 0.05595261 -0.00000000 0.00000000
2479.34207000 0.00159597 0.05612787 0.00000000 0.00000000
2484.29723000 0.00160466 0.05674066 0.00000000 0.00000000
2489.25231000 0.00161244 0.05729320 -0.00000000 0.00000000
2494.20631000 0.00162276 0.05802905 -0.00000000 0.00000000
2499.16123000 0.00162915 0.05848803 -0.00000000 0.00000000